smoothstep(0) = 0
smoothstep(0.125) = 0.0429688
smoothstep(0.25) = 0.15625
smoothstep(0.375) = 0.316406
smoothstep(0.5) = 0.5
smoothstep(0.625) = 0.683594
smoothstep(0.75) = 0.84375
smoothstep(0.875) = 0.957031
smoothstep(1) = 1

0*x^0 + 0*x^1 + 3*x^2 + -2*x^3
